$ANSIBLE_VAULT;1.1;AES256
31643631356439643435643866326236623036663932643938313965316161383038623766303734
6635386462393764383036396263613730353338393535350a353366633730396334323535643037
64313236353230613735323862643932313839326562383338643336666335656338343861623764
3435653565613931630a373364306137323665396237323633316630613434666439636462326364
61373330356532636631373330656433363837356637663061376635393361396333623663663637
36653164643939323865363761303139383337393531613939396333633136343836633932643566
37633737373036666438373462343765303362343966666239646161353039346662383134363431
32313834393538303935363834303164353936313236303439666262646338626361663838303334
38656261343032663437633232366434656562316365633035306632666264343066333332656364
39326639653531626537363233346437303164376139633566306532656438356539303834316333
30373938376165353637393938653266623666393963326463616665616465313632373962613665
34343966343264623766356235343865633337363730653731626637646133316331646463353739
35613766633361646437306663373663313733653861336435633532396561356332636464303661
64373932653537396233643136643163346466313561363066313835386538393434376133363263
61323963623266633131383466383837623931363031303161333966626535323033663838666132
32383535343531316561313738656539633434336339623737303130396139363936666464326431
31393635373237353137613433383339663733316433623239356465663066386138323463393738
65333732333638303761376430353861393231613963363331616134313862346434336336366263
34383163626265653031333065343065333832313339653138363837653437393765343565656331
33303039343131366464666135353737633665346264303734613930373961633033353963346631
61353866646564376333383337343231323932633835353639346535663765346334313361653632
61393638646665313530336235636564363734666636656535653461306438363664646138393738
61366236313936666135616437663831613265336339353666326639336666643563633862636632
35363339373764376137666530333739666366636130336434333865393638643966353032663735
38376666336565313639333935383564626662323763396266396133383434333538313035393439
65323462643339353332313935643162323463663466656631326462666233306333383132623866
63363433643535323537356434613535313839316130376537613264646264353465623130393062
37383832646436376263653235383133353864336335333334383931313334326639353531356162
66333062666432663638393136633364343030363561353530656131386130366331393234383865
64643938646534313230646136383062383336636434656464316437623034383166396433383166
65336433643763616231363734303930376531623466656263636534326430613265373865343930
62646433323136386666333564313362326638313435656135646361636464666639313662323931
62633231323164323232343766363963626436386137353633366139386331626138383638396539
36383462643133643430326463663739633464303430303934666531306362633635363133616438
64313830613731663666343739343562666265356432653238303563363538343135313165336532
61323065616330393030643739353431653365353934316439363931656434663662333834613632
31646165636331343463333763613634393666383238353731316533303439386538616266623231
34363833376637336639383037633763323031356232323538366162623466316239353033313338
31343833376662653731326265386366333164653132653735393938326262613663663630646463
37396537346165653339363830346466376337313939633438376166386463653763316132613162
65336433633732333734643362613762373564363363356563313862383638656362373731353064
33666261326534343537306364333538306538623037306331363035303437323038633238666538
34323936663933643933336636626437643964313733303636633465383735666437336363633761
37316332353638613666313565333335633035653838613161326633666331623935313664333738
61346232396636366135346531633261653863663863353538343562393337636235613238643664
38393965613839363438363266616563376161626261393964323637383736343962333739643935
32643037383865653232643736656235323736333330373432646431636339633837613062646664
65373864303166353565663262633233303139323530353665383131633762656666373333383064
37636330356535383631646336363435396630326563323562663763643962323064653961663263
37653432376637313636323661343534343464366463333466666331343532306335353735626136
30616334646263303261376533303561363533303731343639633231393362306134336136333034
65316363613762363733
