$ANSIBLE_VAULT;1.1;AES256
35323933313165346631663338323239306462356534346164353635326138363861346661333636
6665643366373939663862613865346532336336633064320a633533613662623861383662333563
31343566613933643237653135363864613864616664323633373131326464396131623939663565
3330633933623761370a383064393234376134663462346335616165653263396662316264363466
34393237343166353432393635633633353564376561633234323233303636623735313439356239
32643036386131306237343565313435373761303032316235643461346637333531636461303765
34353832643731623138313363663134346363306330396266373938623162386533333634363462
30636130376633646665353833363766343934383835643666303065353065613235396633396133
38386632373736663064333761333761383431396562376430623865383736663365343830333236
63396265363564393037366466363361386264353731653463323531303363633039386132366131
34393163353861306433626562333866626632363464643330323639633431643162623363323138
37323061363762653366626631656233366232616238383866366431353661303731333235663266
61653634313463303236613534316433373764313030323136613630363435626437303734333635
39363035346161373938623933323964656638633963376162393431613936303938346262643930
66616539323831656634663061373462653633633837373465376430353163636231306237313264
61323736376235646433323963613032616332656237326139366437303939343939313935633663
32333463393833396462303738363733653232353530663364346437303934363533333339356362
37666561316639363762353236663666333261393366633262623935353738346533643165656162
37663535313637393964353232373266336431343230313930636464643663366339393134393361
31323662643634356430313566333464653663326634353238343238393935396264613561323231
30316436653965343661623834393630613931383538303464633930386164663435663962643239
35643063666637313432363933343035363830303337333265653361343737663030616366396265
36323165346138303638316431393966663238363033363365663462313634313534643236363336
65633137373334636438653064326539353366343166646338306637623633666435336163343432
62333438306162313232656434393032356466393265353432303364366263383039623635346631
64636335643864313834323030353263613938396132386663333238326638646133376632623639
64616336613839303463363133663362653162663833656639666263663961393863373430636332
31343133646630363532326361653532633237353035316137336235663831323335613439323366
33623062343661356138363330393735333039666537323066346461663762323937356533353431
66373636313863306433326635653335663866316265386131653036393437323237383162313333
38343666366434616338343130326661653534306437386665633430383364356632633564316335
34306266393130656631313461393531396137313335336164363936356535353334636665643634
34376466376639656230346138363964313064326138613836663638663333636364323831343237
65376462616537653836393463636438346234363934333961373533333565636536306232646437
36343063313362643036326665313730313836346339646366373331326562386539386466636266
64383034616565356664666364646232373662343766353363396565336366663436333234323031
34613232623864646165336263656666636538313165316335376432393836393537363235336561
39653632366566343161323639653263313530303163386131373465386333633235636365353733
32643837326136376139393539613635303230313761376334383435396534656139383431653535
37396637356634313637633633343238356365666438353338393333383335373435646333396233
65363965656435343934306562633564343431376166366234343036666266396162353562313061
32343164333036636234356536393837396163373563373464353266326633386132326333343635
38396362633133623562383839656364643262373063323136396331643739373639663732613364
31616363326430613331633339643030653164653935363365393063363064623661336461376131
39613832653630346666633665646261623932666164663833313638373462616263646464376639
62303161393262303063636432333334633839363763653864306463663963663431343863343261
62303466373763366263386634323536616133386665653537633339313262643536633864323336
37336630326639343431376135326637343639313735343138326239613635303638623564663763
34316161373262303330633763643733623439613862386265666130653331306437343332346664
36666133346366666666376131333934396462616263353436613866323063626536356531363932
35393565663362373731373537396164383536656336366332373533323263623534613939643530
33383238633764366236346536636535616334303539626364376131663832303636646464336135
32613830623539363764323738353161306333626237303234623431326438386435323964316666
36333463643063343832333362326561636332366631303138323563386662333635336337323865
34663734613636313032313435356164633731643266656566656132663933393734396237333637
35353034343066656533386164383466356462643833616637343036373537626464643561313135
31623530383661323532656630666334616330386366666630326437353030333436663535383836
62613965393837386339363734323132326631663935366530646437626531646566386133666434
36653234373266303637376430346336343763386234316231326465663333386537643532326430
65353766623036653634346137373864333065653863346632313765633039323338663832636663
33313838353937363165323563353035376661613839623361353961323835663638646365376332
39356232653864353037323764333365366233646266633962396266646464643733363262336561
37366263666637653763336237366239613062613666656361663165643930356165353763613939
63336236633166663132626564363635323038623136613934663432326533646233393666353932
33656666653264356666653065656535363462336337306437396531663534346261336139303033
38353837643230303430376331303631303332333834383733626430376263353463393437636530
32313231323465316666386431613130633035336533613230303662633965363833663064643536
36373865373265353464386663633435346663666434323131366661373063613737356466393061
30646264663437333261353536383663626633303364326137633235653064623064313665366438
36363535623131633137623333363031373937363336323933613164363733356364613332373861
33363061313437623462653365366265393735613862343136376665623035393266616631613135
33663461616630613664333661646665373838363936613962373535613030656437636334333762
65333961326335656361313734353663633136613432343034616133373733656432373731646138
39376362316133393861643536376566326237346337396336663136323736303438343337386264
35356363376639336664636634633164656231646666646336663566353862383030366132343435
33633839373638343130656363306466303038633037333132346536636137343533386537623763
65633562613636323361633366626566666637663035306666633631396538306332646364383631
38383939393739326333636332653937363461323634343438313464633665653662343032313030
63393836303837373365393336383538613630316334363138616364353065366236663538333661
32653264316230373732333663313765633139616237376666633831646266336433633636336561
38353562383236653233616239383266623261356437646431333266613862346139363465386534
64626230366430323936383761313362643664303931363365343135373262306534376231383861
63313032313630306161366333353564343335356565326465383262353364386234306266623533
37396537346265626466633735316636386265376134313230383462366635373038363163633062
64306662613038643064313735316633663864616134366162393931356265303335303037316130
37386164343532373039653639313935386465376633626437636437393863623264643233616631
37353564626463623339313966383039613266336336306466623430623530333832306263366238
34393632373239356436646464376536363863396330663635336134383735326462643237373134
62386536303138396463623436303131623363336330313037353363393134373734373964363161
66656237323665313331323637633230633232373031663032646531383434626563366163656237
32333736663733323565343966376262363166623438316530373237323264363337303066316237
31393236663161303835633437396330636661643865313862656261343738653330623462616464
66613165386265313238653439333236343030653865373439393462323766653561663234386432
36373532363561333932373439636130623836316165393962653162626533303335656432643061
39626465613233316334326231323831373862613835303563393164363437323437346239386564
31303265353138636664386138383933346630316131396337316266346238646363353930616232
62313531363162646132373336316263373433633739313936366139306434323036336561353433
31313830633333303133323663393364303964623662346531313237336338303966346262643739
30363834653438313332373234353934326465633537393566636538353661653337323938616633
66323930373933666532616363613765613637346437623633656663333534353763396363363761
34613737373237346662333664336665303335363730396539643932663465326365653163363039
39633537343566376161323639616535303366333639383038383031336233613533666134376164
34353565303539343231356362353831396534636531366130316363646234636366393561393164
62366538653537373434366134323965353733383137373038353462326638366137646262356237
36636432336364316333343762376230336365343165306363313465336565643731366430323838
61653630343932613262666630353861353038316665326138393738373438663434623430636139
62333462356630616164393731623863323134313833323039363936633839653234323036366631
32323532626537616666396337323337363131646464326134313433633065376633396438333239
31373536306232626331323236613034386564356433343935323237303235626533643635323263
63393534656331613230323734353962303065623037303362626234613034346336336236353531
36373166626566323630643066373662636265636332366635396134663734666164663436666138
39316531373337613130393936663130383539366639653834343465393130303731663933663934
36313161383530356633366662313836363366663436343638356266303262373232643734333564
61393736333838336432326235623834633236666362326631323161356238653131623338386131
39353865663832666164616134336262363662303935326430626230353037366639333939633333
64353337633962303037663236363636653266303165363334643365613265336336376136656130
63366430326234316164396565396462386535623664646238653461393234393061313063613739
38316666393330306232333639393835363932663533333530353434356639663364356339663464
30303937613239376431323835353030633635356232646637653334653236376235336430636434
64653364346633313265
